10
0.6014323182072678 0.007665126798670374 0.2236459674986151 0.7981012507466451 0.5820255058196124 0.75714558342617 0.6625890281768813 0.7232753079608997 0.4790732382343207 0.8802280761708843 
0.0 0.17991066873872394 0.406739274429236 -1.2759289876163047 -0.45245858276336937 -0.7313827062416475 -0.9304315524927649 -0.25838262724744376 -0.24788588208103435 -0.6355918252438705 
5.551115123125783E-17 0.0 0.3874730742201358 1.331148523390928 0.8388376726956368 0.8136187653658291 0.8048039734500465 -0.19807684017303206 0.699925496613061 0.8321578226628042 
3.35072142129487E-16 0.0 0.0 14.234881003014095 7.308679065999763 8.716441375702914 9.90062078104189 0.6198988558714749 5.285940951785782 7.847288561199258 
-3.084061761599407E-17 0.0 0.0 -8.881784197001252E-16 -0.5687328285937969 -0.13050390170472603 -0.4142869402832101 -0.43261115294262614 -0.46656474060284925 -0.3578835630669035 
-8.364740961106033E-18 -1.1102230246251565E-16 2.220446049250313E-16 1.3524360696167973E-15 1.1102230246251565E-16 -0.7530735130218151 -0.4169478019261955 0.15583017597030546 0.09121031895235276 -0.03956538113177965 
-4.909689937139689E-17 3.421506475767159E-17 -6.843012951534319E-17 -4.0260342943950397E-16 -3.421506475767159E-17 0.0 -2.498034507136815E-6 -0.32940634062644364 -0.3080949853332486 -0.44704239633380144 
-8.960520250239431E-17 -2.5791291767671755E-17 5.158258353534351E-17 3.515008784072195E-16 2.5791291767671755E-17 0.0 0.9182028684662427 0.7797978989729358 -0.18916380039267006 -0.18161922139486492 
-3.681487258167337E-18 5.818411244963602E-17 -1.1636822489927203E-16 8.301443178949233E-16 -5.818411244963602E-17 0.0 0.44886550365454625 0.8255942024147683 0.752147470604455 -0.1815663366419167 
1.805404897223615E-17 1.4186591253775375E-16 -2.837318250755075E-16 -8.157536218805058E-16 -1.4186591253775375E-16 0.0 0.11722911113517509 0.004506782494840739 0.5426081337249846 0.35255277287987846 
0.9667139070236215 0.6124583914533842 0.6932393925435625 0.3031269500850554 0.08025207214953134 0.6515308202122271 0.46433418823396944 0.19359307957341976 0.7316714602577469 0.08096804212770559 
